-2.99 18.50 33.97 29.75 4.42 16.85 9.24 16.36 19.75 -2.63 20.32 11.03 -10 -2.48 30.77 24.58 2.18 34.75 34.00 4.96 26.64 -5.74 7.45 5.62 1.75 22.51 25.23 0.96 20.53 6.47 13.45 29.71 -8.62 24.29 -8.42 27.03 26.35 26.14 10.12 23.21 -3.98 -1.55 -1.25 11.60 17.30 1.93 22.80 13.33 2.75 34.50 2.75 2.98 -8.26 22.93 9.31 23.10 28.78 -8.18 19.51 11.08 29.48 26.33 21.15 10.94 1.96 -0.66 -2.53 33.24 -8.92 33.70 12.13 14.47 26.10 0.67 26.16 -3.18 10.61 16.81 3.08 1.79 21.92 22.33 25.69 3.46 29.40 24.84 14.47 -1.41 21.29 21.64 -2.36 -7.46 +8 11.48 14.65 -8.67 8.61 4.43 11.74 2.48 
32.62 29.27 5.44 23.44 20.09 17.59 13.05 -1.76 12.18 16.36 15.79 1.78 -8.54 12.97 7.10 5.56 -2.64 12.40 -5.47 23.26 15.58 24.69 1.09 -6.08 34.86 26.79 13.74 10.83 -8.74 25.61 -2.54 8.41 -5.01 -0.39 28.68 25.96 21.45 15.05 -5.17 -7.93 -4.97 11.06 28.71 26.78 21.96 33.70 17.57 -5.51 -7.45 -2.97 1.51 19.72 27.08 -8 25.14 +10 22.53 12.99 10.75 23.94 0.86 22.83 -4.89 28.32 -4.09 22.98 1.05 -3.40 12.77 6.47 +3 16.20 5.93 28.41 5.57 5.28 17.66 28.36 24.33 30.74 -4.50 28.90 24.49 29.20 7.28 22.82 26.32 7.42 32.74 7.81 11.32 31.89 28.56 -0.14 22.18 7.06 7.66 26.52 11.16 30.37 
26.72 20.00 21.57 21.33 -8.59 -1.76 14.19 17.99 -8.87 6.58 19.57 15.24 30.55 10.14 32.14 8.39 27.05 19.69 15.43 30.38 31.66 -8.06 24.66 13.09 -1.57 8.97 33.28 24.10 -2.87 28.13 10.80 -5.35 19.07 24.74 2.60 21.95 1.14 17.37 29.53 15.18 5.78 13.46 4.47 14.15 20.25 -7.11 10.63 1.58 6.54 22.72 22.72 27.87 11.36 28.10 15.86 27.36 30.55 -9.58 1.21 23.24 20.63 26.66 3.63 30.13 31.39 5.75 8.52 17.51 26.47 4.62 8.57 19.13 9.14 22.31 8.24 19.99 17.94 -5.86 -1.38 28.50 11.34 5.39 23.01 1.86 24.38 -6.12 1.80 0.01 31.26 9.30 11.60 30.78 -2.27 15.95 22.16 -1.40 8.14 5.74 -5.37 18.53 
-3.51 14.32 19.23 17.43 25.69 19.44 12.90 34.16 -8.58 8.50 -0.17 4.46 7.62 21.31 34.19 10.00 -2.64 -1.99 16.40 9.63 30.91 30.52 8.29 24.24 27.17 -5.17 4.35 10.36 1.16 6.34 16.00 6.00 7.71 32.31 -1.25 -4.78 11.91 8.28 -9.93 -9.60 3.61 12.67 -6.59 17.30 26.13 25.91 3.01 32.68 32.03 8.70 -4.07 -4.01 15.97 3.65 0.09 12.26 22.32 -5.13 25.35 19.31 16.67 34.98 32.67 1.09 4.27 4.54 -3 -8.06 12.50 -9.87 8.75 10.53 -7.95 32.48 23.53 18.90 -2.41 20.42 9.68 17.25 -1.20 -5.57 1.69 5.57 +2 21.16 12.84 23.04 -6.63 12.10 6.22 29.11 10.45 8.23 15.99 4.75 25.10 9.14 26.09 30.13 
-7.44 -5.56 33.59 22.54 7.60 27.33 -3.83 -5.41 22.84 19.59 15.40 3.02 -0.88 -5.48 4.93 -1.10 29.72 31.07 33.76 -6.41 31.76 21.41 -4.26 4.94 27.32 12.89 30.82 21.25 34.66 2.47 1.09 6.56 27.38 2.83 -1.41 23.18 6.93 -8.81 0.21 -8.27 -4.84 9.78 -4.64 14.58 9.24 28.39 -7.94 23.45 10.21 -3.67 -9.26 8.19 10.19 5.04 -9 9.02 32.98 0.96 34.75 30.20 16.87 -0.14 20.45 10.30 -0.53 -8.20 -1.71 -5.82 -5.48 22.04 -8.48 -6.94 -5.04 +1 -4.10 31.07 4.60 11.13 20.75 -6.85 18.20 34.99 13.56 -7 11.17 22.97 25.12 0.23 3.46 31.96 16.25 -9.34 33.53 16.15 -7.08 28.08 21.10 17.64 31.23 10.02 
32.01 17.86 34.73 10.96 17.27 13.49 -5.18 16.58 -9.17 29.31 10.82 22.91 -6.22 1.48 -8.57 21.04 23.65 33.91 3.25 0.79 19.29 28.30 4.32 12.45 33.85 -7.26 26.71 3.54 8.84 21.00 33.60 -1.08 5.30 -6.36 -2.59 22.03 15.10 12.92 17.21 34.47 26.76 11.42 17.15 18.93 -9.05 9.21 13.80 -4.70 1.13 14.38 9.52 11.35 10.17 24.65 18.18 1.18 9.14 24.34 0.14 28.90 0.82 21.60 21.57 25.82 -2.05 26.12 31.92 17.21 3.86 9.30 12.50 -0.94 19.80 21.20 6.69 31.25 1.01 1.25 20.39 0.68 8.50 16.94 21.06 -2.17 12.96 21.49 -5.67 1.61 22.86 15.34 -9.82 3.55 -5.73 30.81 29.32 3.02 26.75 24.42 17.82 3.67 
-7.31 -8.27 31.84 17.60 16.40 15.26 0.74 -5.49 -1.38 23.57 14.74 -2.55 31.46 23.91 26.04 13.29 5.64 17.03 -3.07 30.28 20.00 13.48 30.64 11.60 13.79 13.81 19.25 3.42 6.38 5.21 26.75 -8.44 12.57 2.40 4.41 12.57 0.20 28.86 -7.26 10.66 2.02 -7.71 17.96 12.97 23.15 9.09 18.94 6.82 24.65 10.31 -1.67 -2.00 18.19 15.89 -6.25 -6.63 30.92 -9.71 24.49 4.70 23.97 -1.15 24.96 28.90 28.46 -6.62 -5.49 13.69 27.12 26.63 10.99 34.93 19.40 5.46 17.29 16.15 32.41 7.96 27.71 5.22 -1.36 -9.86 6.79 6.66 12.27 34.75 12.96 -3.09 12.37 32.89 -4.68 4.16 4.35 -6.70 20.10 -2.07 34.24 14.79 23.34 14.72 
0.64 27.74 28.99 20.42 15.75 14.83 33.55 -8.51 3.65 -9.05 -10 -0.21 1.93 7.31 14.35 29.33 -8.00 6.26 +5 -2.69 21.53 12.14 7.96 -6.67 -7 4.43 17.45 30.06 24.54 17.29 20.60 17.08 23.15 29.65 6.46 30.18 6.01 29.23 4.75 -9.13 16.87 7.31 34.95 -5.69 2.07 8.16 32.63 9.77 4.77 33.50 2.48 8.60 12.43 2.25 29.87 5.37 18.72 1.51 -1.28 16.69 8.98 4.16 1.51 -6.16 3.10 25.58 22.20 29.66 9.01 12.08 -9.24 12.53 -1.59 3.35 -5.54 8.82 14.76 28.53 29.47 21.16 11.58 7.23 16.20 -3 26.19 29.25 19.98 14.72 16.14 -4.09 -3.69 32.39 0.21 26.26 16.30 -6.50 22.59 -5.11 27.75 -9.76 
13.52 23.48 31.02 27.41 -1.75 26.34 1.16 -9.76 30.86 11.51 4.79 -9.08 -0.78 21.72 22.75 24.20 25.61 31.08 31.75 23.15 2.99 -5.19 -1.57 22.03 16.61 14.06 -4 -2.06 -4.44 3.35 16.29 26.06 -3.35 3.23 -3.66 23.71 -5.73 14.94 3.49 26.36 -2.96 6.55 16.22 34.91 21.86 -8.87 6.06 11.77 -2.63 5.72 26.51 25.42 26.46 33.62 11.08 33.85 10.09 7.21 -2.64 23.47 7.27 11.22 -4.26 0.71 -2.48 -6.11 14.89 32.92 22.34 8.04 14.64 14.94 16.95 30.79 0.65 23.97 20.03 1.42 -1.48 20.82 21.77 1.20 -2.79 -6.17 18.57 28.65 +10 20.90 5.13 30.14 32.44 3.57 -2.37 -8.23 14.79 -8.44 31.87 31.82 14.37 18.05 
15.41 -1.81 0.73 -5.60 7.32 25.06 24.08 20.48 2.05 9.81 14.23 19.19 13.46 3.96 23.03 0.39 7.52 -8.46 15.20 6.32 -7.98 0.72 25.04 8.48 27.83 26.71 -5.60 17.27 24.72 -0.88 34.67 4.56 5.27 32.87 23.40 17.20 14.26 -0.49 13.34 -5.12 -2.27 11.35 0.15 18.50 16.15 -2.29 34.55 30.46 20.89 -2.31 -2.04 -7.60 8.23 26.40 1.45 -6.54 4.51 26.84 9.11 18.14 5.33 3.92 33.82 21.94 0.82 5.90 1.59 4.66 -0.64 25.83 -4.32 -2.13 -1.53 24.23 31.50 9.00 21.24 16.17 26.04 16.52 17.94 26.65 33.07 6.23 12.86 10.02 -9.62 25.30 1.62 16.49 30.85 8.52 25.00 14.55 -9.98 7.79 3.63 10.29 21.20 26.11 
-5.41 0.60 -9.03 17.60 12.01 -1.30 21.19 30.08 21.09 17.77 24.18 -3.58 21.34 -7.74 4.02 -8.36 27.26 19.03 6.60 31.70 32.21 0.68 7.92 7.63 -1.40 27.74 27.09 6.76 30.98 -0.02 34.88 8.37 27.04 17.38 0.94 21.20 30.18 30.37 -3.10 26.62 12.33 20.13 24.23 23.13 27.84 27.95 32.35 10.56 23.12 23.36 7.39 14.08 17.35 2.71 31.16 17.93 27.35 -0.67 25.47 17.20 23.08 13.29 25.34 -7.69 32.81 1.39 4.46 34.84 24.07 5.41 33.68 10.11 28.44 -5.95 32.04 12.45 -9.48 15.58 3.85 22.89 30.28 29.14 8.61 14.10 0.14 19.00 -7.56 26.42 29.20 -6.05 -3.17 8.94 29.74 20.12 -8.61 17.37 9.96 -7.84 -2.00 7.37 
27.93 3.28 31.51 19.00 18.22 8.60 28.85 34.70 -9.94 31.89 8.06 22.40 -1.75 5.38 9.10 4.60 -1.35 11.59 17.21 22.40 19.77 29.10 5.25 5.17 7.09 20.60 -7.60 28.22 -1.52 7.25 6.20 1.94 0.07 26.79 23.13 0.30 9.75 6.45 2.98 13.08 -5.12 19.24 20.27 -0.17 34.22 -3.36 33.76 13.51 +2 0.47 -2.38 -2.22 22.90 -2.25 0.57 16.15 -7.71 15.62 28.78 6.43 17.39 22.89 26.15 9.38 14.60 20.78 19.68 10.04 34.59 12.78 13.19 -3 22.24 -8.80 -5.89 21.15 16.82 -2.31 14.91 -8.09 -3.61 32.19 15.66 20.88 8.23 12.17 23.34 19.70 25.84 33.47 5.16 -4.47 33.60 23.16 0.02 0.37 10.82 24.60 6.81 16.61 
-0.85 23.14 -3.91 24.81 9.25 15.78 -2.20 4.94 19.46 9.89 13.71 12.56 -0.85 3.33 16.27 8.05 24.20 28.09 12.32 11.38 13.72 4.12 19.84 6.72 19.43 30.26 6.62 -1.59 31.75 2.97 31.30 25.98 15.01 26.38 21.21 -3.86 -0.32 -3.30 4.24 33.09 +3 21.91 11.89 21.74 1.67 27.22 -2.41 -2.84 26.33 1.05 -1.06 30.06 -9.79 10.35 0.56 9.89 17.73 3.98 33.97 3.18 0.12 25.41 -2.07 -7.12 34.79 -0.41 14.98 14.93 14.12 21.47 13.34 24.07 27.52 8.71 28.73 15.74 17.55 13.16 26.43 22.27 17.45 -9.94 25.58 16.08 7.81 7.80 -1.07 14.33 22.58 30.67 -9.85 -6.19 2.83 -8.21 22.74 -2.21 23.41 -1.05 +8 10.15 
11.79 33.99 28.65 30.45 12.08 16.51 3.89 33.37 8.71 12.67 -4.72 -8.92 -0.01 -3.47 7.73 31.04 -4.12 18.13 -9.49 29.04 13.23 -3.64 -2.68 21.64 -3.15 -0.29 28.21 10.16 13.52 20.30 34.96 -6.24 13.74 -8.03 5.97 11.84 5.46 -1.58 7.01 15.31 -2.66 -2.07 -6.66 33.10 33.84 4.35 5.49 -5.80 10.06 11.44 -3.79 -6 27.40 9.40 0.21 19.02 -7.23 13.83 27.22 -3.85 +4 -3.68 -6.15 4.41 -4.81 7.09 -1.61 0.91 25.68 -9.36 0.73 11.80 28.14 16.94 -2.36 5.93 -9.41 0.88 34.32 25.37 6.72 33.19 25.50 33.16 18.07 14.38 32.83 -9.33 -5.31 13.69 -4.40 20.90 21.53 15.42 18.44 -9.99 10.92 24.28 -9.62 4.15 
1.10 -3.40 -8.09 34.83 0.40 -7.34 30.35 23.88 -6.67 21.72 6.97 6.35 28.41 20.91 24.61 34.79 20.36 31.51 17.59 3.74 30.75 0.18 13.36 -7.13 21.40 16.65 11.39 3.69 6.35 25.12 11.72 -7.25 16.39 -4.51 14.87 -5.67 -7.17 5.56 15.59 -6.59 23.05 -4.66 -8.33 16.02 2.65 -4.16 19.90 -8.34 +5 16.82 10.99 18.21 4.15 33.99 32.28 -9.90 12.31 2.37 14.40 11.28 11.85 23.18 13.02 -7.25 7.61 -6.32 4.04 22.47 -3.82 12.46 12.51 13.72 11.67 2.93 27.89 -5.49 26.40 32.19 15.96 4.50 25.56 -6 32.86 34.36 32.79 -4.82 31.27 13.76 -3.19 18.70 -0.55 -0.87 -4 -7 29.33 -3.78 21.53 -3.46 23.28 2.09 
29.14 10.39 27.10 -5.87 31.31 28.12 2.06 11.26 5.63 26.17 7.28 34.35 23.93 3.50 21.79 0.29 11.89 -0.20 -0.24 4.80 8.41 +2 10.33 23.93 -7.52 -8 12.16 -0.81 2.41 13.63 16.43 3.24 8.16 -4.87 26.54 3.58 22.97 4.83 -3.70 23.01 -0.90 19.07 11.92 27.94 2.10 27.01 -2.59 23.89 19.98 23.98 7.46 20.46 5.20 -2.92 5.89 27.70 22.67 21.34 33.25 19.73 32.78 23.68 10.92 -8.36 26.63 31.14 -9.26 28.39 32.02 12.88 29.46 30.01 3.13 21.06 34.10 33.41 15.49 13.63 -5.23 31.21 -6.30 -5.23 9.78 14.99 19.91 11.68 26.10 6.98 12.46 12.14 10.26 14.65 -2.62 13.86 -2.74 13.79 -0.62 -8.38 -7.28 -6.54 
28.18 2.02 23.96 -0.88 -1.52 20.08 0.17 22.28 16.63 -8.57 26.25 -8.84 25.92 1.06 -6.21 -6.81 1.70 11.97 6.65 3.89 11.07 33.30 13.58 34.42 7.55 30.45 1.83 6.74 33.21 29.44 -5.93 32.65 10.00 23.89 34.07 23.23 26.57 26.35 28.53 -7.96 1.12 23.37 -6.14 3.32 0.52 -3.17 -1.62 -9.80 10.31 8.43 22.16 -3.77 24.34 11.53 17.86 30.29 26.68 -6.80 0.85 19.79 29.84 14.74 21.23 -7.16 13.45 6.46 13.03 9.37 -5.46 20.39 1.56 10.45 2.11 -1 31.23 23.62 -5 32.95 16.50 -9.36 30.66 11.06 31.17 23.52 -5.46 22.45 30.16 19.60 6.02 12.28 -6.23 13.09 19.94 12.86 -6.44 21.03 -8.76 6.45 13.01 4.30 
14.64 30.28 1.07 5.88 -7.70 -0.14 9.83 16.07 -3 2.99 19.99 28.91 30.56 4.70 32.44 8.69 17.34 32.41 10.85 -9.03 27.84 4.95 18.74 -2.63 32.97 2.78 11.47 13.45 26.20 -5.36 -6.42 16.94 22.72 -8.01 24.38 8.06 29.25 3.43 -0.62 8.95 23.24 29.48 14.10 23.19 19.39 -4.04 -4.42 11.10 31.39 5.95 -8.65 16.85 20.84 24.27 -3.38 6.28 25.08 -8.47 -2.32 3.56 9.19 26.10 23.61 2.19 20.08 27.45 -8.01 3.39 25.59 28.02 10.69 34.76 12.09 3.11 14.50 6.47 -8.24 3.38 6.59 4.02 34.13 18.32 20.31 17.20 21.22 26.72 10.66 34.52 -0.47 +9 8.75 10.18 26.62 15.57 17.77 12.50 -3.03 -0.23 33.04 -9.57 
28.67 33.38 -7.02 10.01 27.85 -0.19 -6.57 -4.39 -7 23.47 13.86 33.13 -8.48 20.76 -1.98 -9.95 3.26 21.03 32.23 28.91 -2.65 14.20 3.78 29.78 20.50 24.01 2.08 5.79 30.13 3.97 0.09 2.47 0.87 2.58 -3.87 21.26 12.99 4.22 -1.03 11.88 32.27 12.69 15.57 10.95 14.74 2.63 -1.30 25.92 4.38 12.68 11.01 23.30 28.87 32.93 18.07 22.64 26.78 -7.17 23.73 33.50 11.56 10.47 -4.57 23.30 23.97 24.52 11.96 -0.27 -2.15 19.10 1.67 11.53 -7.07 15.07 5.09 34.65 8.95 10.40 16.38 19.57 -3.82 -2.68 27.48 12.38 1.50 14.41 1.09 6.60 23.73 -6.57 25.19 5.66 -2.01 17.80 26.46 12.36 15.84 9.39 23.06 27.03 
27.08 -4.43 16.06 11.15 24.67 -3.93 -3.25 -7.97 22.96 11.62 10.95 2.18 3.65 6.22 1.35 29.58 34.07 23.36 -6 0.09 12.03 8.99 10.02 8.51 3.12 16.46 24.01 28.11 26.76 2.87 4.04 5.83 33.40 20.25 -9.14 33.13 1.32 33.91 -8.99 16.42 -9.63 8.57 32.35 33.39 4.70 -1.89 -0.73 4.26 34.34 -0.31 7.34 5.11 25.60 21.32 13.03 5.49 7.11 15.49 28.18 34.17 23.84 19.05 11.49 23.48 -9.18 16.72 17.41 19.24 11.19 +9 28.95 4.29 26.91 2.64 -1.53 -4.01 34.92 33.93 3.02 18.68 -8.96 17.33 -0.38 -2.44 9.61 21.42 20.17 29.10 7.83 21.96 28.19 11.84 -9.21 -3.46 9.68 33.58 14.66 -3.03 -8.34 14.41 
31.47 -3.89 34.69 0.55 15.04 20.66 3.88 3.78 22.56 17.13 12.81 28.26 6.67 15.49 -8.38 30.04 -0.31 17.24 -6.16 -2.19 33.55 -3.82 27.12 29.34 6.99 -6.34 31.24 15.59 22.10 34.68 17.53 33.59 30.22 -5.96 1.24 0.28 19.40 3.74 5.25 -7.52 27.75 21.24 12.49 28.25 3.98 25.04 1.40 3.38 7.92 14.04 8.53 21.63 0.67 11.12 16.42 -6.85 17.76 18.54 28.93 20.50 33.88 -3.28 19.69 -7.70 2.23 9.39 25.79 18.97 23.28 1.69 20.39 6.13 9.51 11.62 6.60 -6.94 29.97 9.23 11.11 30.83 10.54 -6.17 22.02 0.19 7.65 31.97 6.11 -1.39 29.67 27.14 -7.69 25.52 5.21 +3 -0.06 22.80 24.70 8.96 14.72 31.81 
25.65 15.07 -9.78 32.66 18.12 -2.75 4.10 -2.61 33.46 11.39 -4.68 31.94 26.70 30.35 -0.83 16.16 23.88 19.16 18.11 16.58 18.24 34.38 -8.44 -6 34.05 6.87 23.40 -4.93 -5.81 -6.74 2.97 30.85 26.38 14.35 -9.08 9.26 6.22 -5.71 6.62 -2.66 -5.57 3.99 28.62 -6.86 27.88 24.42 -1.69 5.37 -7.08 28.16 32.10 32.22 7.36 1.71 -0.92 22.35 32.97 13.86 16.23 22.16 25.79 6.42 29.31 27.17 -0.37 -6.46 25.20 14.57 34.30 33.46 2.50 10.53 31.59 -3 34.14 15.39 32.07 25.44 32.02 28.06 34.12 28.57 10.49 9.13 23.55 19.60 6.48 -7.51 31.53 -8.25 19.57 -3.08 25.97 24.71 33.38 15.18 23.73 -9.89 19.62 32.84 
6.63 1.99 -8.46 18.07 -5.46 -4.71 32.26 15.61 1.12 -1.15 23.97 16.24 34.51 16.11 33.30 9.85 4.77 10.91 11.16 34.85 -1.37 -1.81 6.47 -3.35 18.22 31.74 -5.95 16.53 15.44 -0.20 0.75 24.01 1.68 2.36 32.47 28.71 31.64 12.38 26.35 9.68 5.20 -2.47 21.19 -2.17 4.65 0.57 26.39 16.77 32.52 28.56 -7.34 20.68 29.06 23.37 -7.79 -8.21 25.55 0.43 -6.43 25.05 5.45 9.46 7.96 24.77 -7.97 27.47 -8.48 34.13 17.94 20.32 2.96 9.09 32.37 14.84 -3.26 32.75 31.64 31.07 -0.64 7.44 -3.67 16.01 24.07 19.41 4.21 15.50 30.30 26.49 17.94 4.52 33.21 19.31 26.33 9.29 30.55 6.76 11.00 -8.98 8.98 26.56 
25.00 -4.85 -7.67 4.51 33.27 24.98 14.10 11.95 7.42 14.53 8.79 23.78 1.30 19.32 16.87 -6.38 15.96 5.30 -1.80 3.73 26.99 -6.69 6.60 27.69 7.11 21.51 14.34 -3 18.19 20.27 6.77 6.89 31.46 -2.27 13.77 5.45 29.28 -3.40 33.97 1.67 -4.09 -5.97 0.31 -0.76 14.45 3.86 28.03 11.65 24.62 -9.27 9.36 7.52 21.39 9.59 32.18 26.72 22.67 32.04 -9 19.62 -2.00 3.47 12.97 8.60 -2.58 12.56 -5.92 2.41 28.90 -1.20 33.51 3.04 -0.34 22.67 9.21 6.29 9.27 11.17 30.40 29.24 -5.99 4.32 32.99 15.77 0.99 32.85 27.92 23.14 5.93 27.30 24.75 27.38 3.84 22.58 11.53 8.39 28.42 19.77 13.47 8.45 
20.21 20.10 27.14 22.59 4.78 -9.95 18.71 6.32 -4.48 31.19 24.12 28.15 6.02 9.15 -2.38 33.28 11.79 9.80 9.98 4.88 29.89 -7.79 33.82 9.65 22.79 25.53 0.88 6.48 -7.58 -3.55 22.81 15.44 -9.70 9.79 0.85 0.33 10.38 24.91 23.67 5.39 7.27 20.60 0.76 -9.75 5.14 34.76 -1.59 14.31 22.82 7.56 -2.52 27.16 30.63 -9.25 -6.79 -4.02 16.85 21.87 21.42 -4.33 5.93 9.17 22.31 -9.43 20.66 -8.04 -0.11 -2.57 9.69 10.34 3.04 -9.83 -6.34 29.42 26.89 21.39 19.84 33.37 31.67 17.35 22.06 32.56 -6.50 13.86 -8.59 1.94 19.29 -1.42 0.24 3.93 23.44 -4.21 3.50 15.39 6.91 2.58 32.93 25.68 12.63 13.62 
3.36 28.50 -2.42 20.01 12.50 -5.59 14.73 4.17 7.55 8.58 4.32 -5.39 -5.27 -0.22 30.53 7.68 22.50 33.53 3.95 13.30 -2.30 -1.17 1.93 2.06 0.84 6.71 0.37 22.66 0.17 26.73 -4.45 9.58 30.09 25.58 34.77 17.87 22.19 6.57 23.17 20.08 1.37 32.86 28.16 5.78 34.72 0.45 -2.24 17.95 27.17 12.30 14.42 -1.58 8.64 19.88 16.60 28.55 27.54 26.34 21.82 12.80 13.31 -3.39 21.75 22.67 33.80 0.47 14.59 -0.66 24.47 -1.81 17.11 21.52 14.35 24.29 12.84 6.12 11.34 -7.52 32.96 -5.97 25.73 7.16 32.38 -7.83 5.57 +4 4.13 -1.89 -9.54 12.50 -7.20 7.42 28.05 31.38 24.54 12.42 21.71 -8.77 -7.69 16.04 
21.16 31.18 11.23 5.97 -0.30 5.93 1.73 10.97 -3.12 -7.86 22.07 1.26 12.37 26.08 17.81 +2 10.08 3.64 25.67 2.07 3.85 23.78 5.75 31.90 14.75 30.63 24.87 15.59 -3.46 14.80 1.35 25.74 28.67 12.44 28.46 1.46 -5.19 -1.19 27.49 -0.26 11.01 -0.37 24.67 25.00 -0.71 33.01 11.68 4.98 5.36 -1.36 -4.22 21.73 9.38 8.72 26.52 5.22 32.13 -0.94 -2 3.11 3.38 5.40 26.85 11.11 24.64 32.04 1.46 19.56 -6.70 -3.80 -8.14 34.82 -3.65 11.28 24.95 7.99 25.00 -2.72 24.09 12.48 0.32 21.96 16.14 16.18 -3 34.39 21.19 33.88 18.23 -2.22 31.57 -1 -2.39 1.11 6.14 -8.71 -5.84 2.14 3.67 -6.79 
24.03 5.59 10.90 21.60 34.74 25.49 3.28 -0.47 34.38 -6.68 -4.93 14.54 14.97 10.30 -1 6.41 11.41 -9.48 6.86 20.77 33.08 6.20 33.59 30.11 24.28 7.46 2.49 4.99 17.20 0.39 32.58 6.94 9.59 30.50 22.46 -6.35 11.23 12.38 3.24 0.56 28.77 30.11 21.42 11.90 26.24 14.88 29.88 -7.57 6.57 8.46 34.66 9.74 7.06 12.91 21.30 -3.58 -3.92 17.72 22.91 26.44 -4.73 34.12 -5.57 30.20 17.54 1.49 11.72 20.14 11.80 13.20 -0.66 10.82 17.02 32.02 5.03 15.80 19.64 -0.47 14.91 24.17 1.25 31.43 34.18 14.97 18.91 29.31 20.30 16.68 11.43 31.86 28.60 11.70 12.96 27.21 32.66 -9.11 3.23 -0.76 3.36 7.72 
-6.82 14.97 6.14 -4.11 34.85 0.18 -8.90 28.08 20.51 -9.23 6.16 -6.43 22.86 9.13 5.86 24.43 24.31 -5.04 -6.78 18.16 21.90 14.65 -5.63 21.56 -8.62 -4.41 20.40 3.13 7.09 0.95 14.05 -4.90 9.60 29.19 0.80 8.35 4.75 33.55 11.36 29.97 18.33 -8.19 11.73 -3 20.46 33.54 23.81 -4.86 29.70 22.71 -9.73 14.89 29.35 0.15 -8.94 29.63 11.50 28.55 -8.61 5.93 -6.54 8.72 3.16 -9.97 28.10 23.30 12.54 4.62 18.80 -9.71 -0.91 -8.30 7.43 27.95 19.86 33.24 2.82 33.60 28.48 14.69 4.78 31.27 -3.44 14.83 12.33 16.62 17.55 -7.14 34.98 33.34 -8.67 23.70 2.80 10.22 -4.82 5.09 14.08 14.37 4.36 27.84 
14.38 -3.82 34.84 2.87 12.25 -0.99 23.15 4.55 -3.87 8.35 +1 4.61 2.91 -0.88 16.19 7.99 11.37 25.70 10.84 9.55 -1.65 9.64 -2.20 -2.03 10.15 -4.61 -7.67 4.95 -0.01 9.55 14.57 -7.48 9.21 -4.76 10.83 24.24 5.85 3.73 30.76 13.85 26.62 0.01 -8.57 13.74 21.52 8.18 28.52 5.12 12.32 33.17 23.78 7.24 18.13 14.14 15.53 7.42 6.70 34.43 19.54 2.84 20.92 32.59 27.83 20.45 1.22 -2.66 13.27 21.84 26.85 0.38 -6.23 -4.61 -1.22 30.25 10.15 -3.24 3.62 17.08 15.62 27.67 12.68 10.15 -8 23.37 14.73 -8.07 5.42 30.97 34.76 27.01 29.96 -7.73 0.93 18.01 -6 -6.59 -2 19.10 -3.97 11.95 
24.78 29.01 18.83 10.64 34.87 8.08 -3.25 0.53 -1.59 4.03 34.29 32.91 5.04 5.77 23.28 5.18 15.14 11.58 20.75 29.12 14.05 12.81 0.24 3.78 +6 6.81 3.45 3.06 18.62 0.90 10.94 14.21 23.53 14.72 26.86 18.69 13.50 26.58 33.55 1.57 11.36 24.14 15.05 34.63 19.45 26.90 29.84 16.89 -3.58 -0.06 -2.90 16.12 15.26 0.16 -1.56 20.79 5.87 9.08 12.19 13.49 -7.48 -3.27 -3.81 19.93 -3.06 16.80 -1.67 1.65 +8 16.72 27.19 17.35 -9.05 5.21 -4.08 14.83 10.03 11.44 26.93 13.72 11.73 29.59 33.85 25.46 10.37 15.88 7.59 12.88 21.03 +5 13.84 10.81 -4.16 -0.41 6.50 2.86 29.34 12.28 24.16 1.81 
7.50 -4.48 10.08 25.81 16.29 -2.81 7.94 7.49 3.28 10.13 23.09 -5.80 -2.70 -0.42 13.02 31.52 20.88 12.36 10.35 -8.52 -7.21 10.93 15.44 14.45 -9.66 20.91 23.25 34.23 27.22 16.07 6.41 17.59 16.93 4.34 -2 6.63 15.63 9.75 -5 9.33 24.62 25.30 34.28 24.78 -5.60 8.73 29.49 15.97 -0.37 33.40 1.27 26.20 24.43 16.53 8.94 21.08 15.78 -2.99 4.03 10.63 25.99 22.91 8.62 16.71 9.43 -2.25 21.88 22.38 19.71 34.47 23.54 33.10 30.64 24.10 5.96 32.93 9.55 -1.43 17.78 0.16 -2.51 8.11 10.82 33.53 22.09 9.58 13.69 -8.97 19.09 -2.99 -0.78 8.61 5.39 23.40 19.75 -6.52 -0.76 31.19 12.02 -4.04 
33.04 11.63 22.24 1.00 8.04 30.17 17.49 18.81 -5.64 22.32 33.19 3.26 -5.15 28.41 -8.28 -1.39 11.43 -9.59 13.43 -8.89 11.94 14.78 -3.14 18.34 32.17 1.45 14.75 6.02 31.66 10.31 -7.80 17.44 8.94 29.85 -9.90 -9.61 -3.53 34.14 22.99 2.96 8.47 25.99 5.28 21.07 13.93 4.57 29.00 15.22 14.87 18.34 -8.80 25.42 -6.07 7.98 1.37 1.59 31.72 12.90 12.91 25.81 -6.00 14.79 15.87 24.84 -2.23 13.25 -3.97 -4 1.06 -10.00 6.09 17.63 16.25 29.33 28.76 +10 -7.14 -0.83 22.66 6.70 15.69 6.96 10.50 26.04 4.15 30.65 31.38 19.56 24.29 31.77 16.91 8.73 -1.37 -0.38 4.32 -0.60 15.22 -3.36 -1.57 -3.84 
33.06 24.55 -3.39 28.55 -7 33.24 23.57 34.54 -3.21 32.02 29.54 2.87 4.53 2.18 27.62 19.48 15.34 -3.18 25.00 17.66 1.82 28.61 24.22 -5.31 22.43 -8.18 17.57 3.75 -2.46 -5.31 -9 7.40 -3.63 26.76 13.62 10.06 5.20 17.90 3.83 12.75 18.00 31.49 23.34 26.29 24.13 3.58 20.69 22.15 4.78 3.67 -4.21 25.60 7.31 9.40 8.47 18.45 1.37 34.28 7.94 -4.41 8.45 13.30 9.12 17.37 19.30 21.13 34.28 33.12 11.02 -2.29 -9.41 1.97 1.32 20.09 16.62 23.85 -6.15 -1.20 3.52 21.29 16.33 27.22 -6.52 -9.38 34.28 3.62 16.44 14.85 16.28 -3.49 32.83 16.99 21.29 -0.15 9.82 -6.96 -2.08 2.40 27.51 2.28 
20.52 34.52 15.53 3.69 2.70 32.48 14.87 23.06 2.78 +10 30.92 -2.70 10.28 8.04 31.58 -5.77 4.81 17.11 7.56 20.67 8.44 17.92 4.74 32.54 14.24 22.93 34.74 26.27 28.26 30.73 9.33 33.86 9.87 -2.79 5.02 14.10 -3.88 11.25 31.26 19.52 -4.63 21.26 28.91 -6.76 32.32 -7.34 -0.96 -3.58 33.47 -2.33 12.78 -4.22 -1.48 -5.75 25.33 -9.12 -5.19 18.37 10.34 11.76 9.82 12.52 7.63 15.12 10.81 29.19 8.65 0.62 33.30 -1.35 8.77 31.57 11.15 -4.20 34.40 8.18 0.57 -7.81 29.62 5.17 32.23 16.64 -5.37 1.62 -8.88 29.19 17.33 7.99 11.90 23.99 15.12 31.71 18.66 31.45 9.98 0.75 10.36 -6.37 33.10 12.00 
-0.14 -6.97 32.10 -5.61 13.22 6.88 -9.26 13.05 15.97 6.33 33.26 33.40 22.21 24.29 32.52 -2.65 34.97 6.37 -3.59 23.01 33.71 17.85 23.92 24.04 -8.28 -4.35 33.87 27.01 -7.56 26.33 34.43 30.70 17.99 5.19 -0.13 18.75 30.04 20.61 15.35 -0.53 0.06 10.03 22.82 2.63 15.22 -9.55 23.62 14.18 32.50 26.75 13.62 -0.78 20.07 10.03 9.22 20.99 20.55 -6.07 -5.60 7.34 -8.92 14.32 14.22 25.99 10.96 12.12 -5.84 18.74 -1 19.24 23.28 14.11 -7.95 11.26 -6.49 13.69 4.98 29.85 16.96 -5.68 25.61 2.01 27.79 11.24 -5.68 12.68 7.32 0.25 -2.30 -3 -7.05 -2.49 15.02 26.13 11.71 15.46 -7.56 28.55 24.55 14.40 
-7.93 18.57 -3.63 29.24 32.45 -4.27 16.69 29.15 32.02 0.79 25.10 18.51 -3 -4.73 29.13 34.01 20.53 12.80 13.94 18.45 -3.65 19.44 8.51 9.95 0.68 29.69 9.08 20.48 17.20 14.52 7.51 2.61 9.39 -5.79 33.67 30.89 10.45 10.17 13.44 -4.29 -6.58 27.71 26.69 30.61 -1.30 14.88 14.56 15.56 3.55 29.50 19.67 22.09 19.74 18.77 29.12 -2.87 11.66 25.18 -2.04 5.78 31.00 16.69 4.35 31.18 33.06 -1.33 6.61 2.55 1.22 15.77 27.40 24.46 -2.94 -3.42 16.48 11.59 16.22 18.68 31.84 -1.37 -0.61 -2.59 6.21 10.16 5.47 12.27 -1.38 16.56 8.52 7.84 -0.82 5.48 -1.57 24.64 20.70 11.21 21.57 7.21 17.33 21.09 
28.43 16.85 23.17 -1.98 30.03 8.99 29.88 -3.67 0.72 13.61 3.42 29.24 31.75 11.01 33.56 -6.86 25.23 4.05 17.21 33.11 32.90 21.54 24.85 33.06 32.50 -2.89 28.41 -3.47 -6.67 -4.08 9.21 4.73 -5.02 17.31 31.24 30.27 -9.69 21.76 27.53 23.75 3.18 9.16 29.10 12.23 17.58 14.60 32.21 24.97 23.82 7.95 33.87 32.22 29.98 32.41 -2 30.87 2.03 1.77 29.35 26.23 11.68 -5.51 -8.25 28.21 24.08 0.37 11.87 2.95 9.40 28.35 25.73 11.30 22.99 4.52 -9.64 0.68 -4.44 -7.63 4.92 -9.55 18.45 32.43 7.96 15.38 34.26 32.84 5.51 7.24 0.37 30.99 -9.05 -3.69 12.36 26.68 11.14 -7.71 31.32 23.44 1.07 1.80 
33.81 15.10 30.14 -8.29 -3.70 -0.76 19.41 28.69 -6.18 12.11 0.12 2.62 -7.51 30.66 -8.52 27.79 -0.20 1.29 5.13 33.77 -1.85 14.31 11.02 28.45 22.27 -4.34 24.09 20.74 -5.25 -4.70 20.92 21.61 33.00 28.07 14.14 11.79 +3 18.56 -8 14.99 20.47 33.25 10.56 11.63 -7.93 16.73 10.42 24.57 5.71 32.38 9.19 15.31 28.49 15.37 10.78 34.15 11.93 15.37 32.80 30.65 6.50 20.66 25.39 17.40 34.62 20.72 7.50 11.54 7.79 0.95 16.45 32.01 3.04 3.82 19.10 18.37 11.77 24.07 29.44 27.11 10.61 19.06 29.12 21.60 18.83 13.48 -5.41 25.22 34.52 4.32 -1 14.87 34.82 -5.19 2.03 30.73 -2.37 20.27 26.51 -5.47 
8.36 2.56 16.78 -2.54 14.35 2.83 28.00 23.57 -8.70 -0.80 13.51 5.48 5.29 25.61 27.18 32.88 23.55 -6.95 20.09 34.27 1.17 -0.94 18.30 17.11 9.11 -5.69 -2.11 9.63 -8.73 15.86 19.34 15.20 27.82 18.02 14.10 16.40 7.55 10.52 8.29 7.03 30.35 11.72 8.99 20.60 6.72 -4.12 -3.34 -7.51 7.19 -7.25 26.82 0.59 18.24 -0.73 13.71 -2.11 27.93 25.09 -2.06 7.97 -5.93 31.51 -3.04 -0.42 -0.74 20.53 11.94 0.04 1.44 1.04 33.95 16.03 12.82 -7.81 20.55 34.43 31.64 26.79 1.54 24.59 1.50 31.49 -0.18 9.47 34.33 -0.07 4.77 34.90 +10 -5.99 26.04 7.52 10.39 24.45 -3.80 9.80 31.57 5.76 11.18 24.29 
5.13 -7.92 30.43 19.82 34.82 1.71 32.97 1.10 -0.17 3.06 3.70 6.13 12.60 25.28 -9.39 13.08 29.63 -3.04 30.26 4.71 31.03 28.02 +6 14.60 25.10 21.82 23.38 24.16 -8.03 5.15 12.78 25.25 34.47 13.70 12.48 16.87 8.98 28.51 11.12 13.66 19.93 4.60 12.17 29.29 30.96 8.22 20.64 -7.11 21.60 -0.76 -2.51 17.67 14.80 24.49 -8.85 17.53 11.22 -8.28 16.55 5.17 9.86 31.89 22.32 20.31 10.13 19.54 15.46 17.73 4.99 29.26 34.95 26.10 24.08 20.21 34.84 12.33 -1.22 28.50 29.15 14.49 4.15 -7.39 20.18 12.36 28.59 5.03 27.04 16.69 -6.31 15.06 -8.74 -4.25 26.14 12.94 -9.80 6.09 31.72 1.98 31.21 -1.67 
23.76 1.40 23.13 28.02 14.97 26.29 -9.34 24.48 -9.79 -9.10 33.89 1.70 -0.13 6.61 -4.81 32.69 32.28 2.42 32.84 34.87 17.36 31.40 31.72 17.65 -5.68 0.77 16.41 -9.40 -7.44 14.53 26.05 31.43 2.07 8.20 30.03 26.50 32.64 -1.12 2.62 32.01 18.58 0.56 2.72 28.44 15.25 34.76 10.60 -6.01 17.25 -0.91 24.83 21.87 -7.88 10.75 6.67 1.77 14.11 27.70 -5.28 32.76 11.11 31.01 10.24 30.04 12.85 22.80 -9.62 10.72 32.14 31.45 27.83 6.81 11.58 29.84 10.81 32.23 14.01 13.54 2.04 -1.11 12.59 12.52 13.21 10.47 27.68 -4.23 27.36 26.30 25.48 12.63 -3.50 2.04 -3.04 2.14 5.06 32.02 8.42 -5.01 -0.31 -8.66 
2.57 -2.22 9.63 14.40 5.30 -4.24 14.02 -5.36 -8.37 13.17 17.15 -4.42 -0.12 11.57 -2.65 9.92 3.75 18.10 12.77 27.87 -9.08 31.04 -3.75 24.17 -2.13 22.63 1.92 21.76 4.56 -1.40 18.82 -6.34 7.34 34.28 -5.98 23.93 -4.57 11.51 -2.16 13.19 22.42 17.74 17.16 4.38 19.34 22.37 -2 2.11 3.64 -7.66 0.34 -8.62 11.18 0.30 8.99 22.33 -8.84 5.86 18.43 6.82 -9 -1.89 27.32 29.26 1.62 -0.22 -2.82 -4.40 27.01 17.59 -2.83 34.06 8.84 17.93 23.94 5.99 34.70 26.70 12.15 12.35 -4.64 -3.16 -5.65 7.11 -0.51 3.61 24.33 31.15 26.49 5.02 1.92 24.09 0.33 9.36 4.10 18.91 -6.25 16.95 33.24 -9.38 
-2.99 1.46 27.16 -3.74 7.89 2.49 7.89 22.38 -1.06 -9 31.50 -6.06 -0.93 26.50 21.01 -1.08 12.67 25.40 20.89 -6.73 8.67 -6.40 33.92 28.40 23.37 0.21 25.50 4.92 12.25 24.55 9.64 1.63 34.73 -8.57 24.11 -4.44 -5.32 -8.61 19.07 33.89 3.18 28.35 13.77 -2.59 11.58 13.42 3.46 12.05 9.28 34.67 -4.55 11.99 13.76 24.11 23.39 6.23 15.94 -7.45 22.45 1.30 16.88 -0.88 18.08 31.99 25.69 22.24 -3.46 21.19 33.64 -5.25 23.01 -0.80 27.52 25.93 -5 4.33 10.62 3.31 21.13 1.19 26.01 5.68 -9.06 4.40 -0.63 27.63 5.05 16.44 26.31 22.05 -2.66 8.76 8.07 29.44 1.52 22.25 24.13 -2.00 -1.69 34.06 
8.20 -5.75 13.20 19.06 11.23 26.42 20.60 7.83 23.57 7.36 14.86 20.12 10.52 -0.34 26.94 21.55 6.29 13.66 1.57 32.69 15.91 8.42 -3.39 -7.42 22.92 8.20 14.86 33.13 -0.61 -0.09 21.35 8.11 12.58 10.02 2.40 21.94 -9.50 20.77 21.14 21.63 -0.57 6.18 -4.23 1.95 -1.43 3.30 27.55 -6.76 33.48 0.23 5.16 34.00 10.84 24.81 7.89 21.28 -2.17 -2.88 21.29 3.13 -3.78 7.32 32.34 32.39 27.14 -2.54 -6.38 33.00 23.45 15.56 7.65 -0.76 25.63 30.13 24.57 25.46 -9 16.15 -7 12.60 17.70 1.09 -8.78 30.53 26.91 10.51 2.21 20.96 14.26 17.68 6.75 29.07 2.67 3.18 11.58 2.62 1.67 32.18 -5.64 -5.39 
27.76 5.86 7.80 -2.42 -0.62 17.74 8.36 10.78 -8.74 25.08 22.41 12.47 21.20 -0.28 -4.24 -3.12 22.81 23.92 -9.90 11.99 -2.47 -0.11 17.98 13.16 -5.45 -3.08 -7.06 13.93 33.43 -1.94 4.21 33.45 18.32 -8.70 -1.49 14.66 -4.14 29.08 6.38 19.99 27.91 25.40 10.78 24.51 2.87 10.41 -8.84 -1.41 24.31 11.54 1.97 25.12 16.17 -4.29 18.27 1.30 24.45 -3.78 -6.09 7.68 -4.06 10.08 +7 27.49 1.70 31.02 9.04 10.91 -3.69 -0.88 14.66 23.26 17.16 -8.16 -7.56 -0.36 23.09 24.38 31.87 27.42 -8.40 31.18 16.37 13.15 26.87 16.77 12.38 19.19 34.93 23.61 22.21 16.61 -4.90 20.23 7.60 3.76 -2.46 7.84 27.84 1.94 
17.49 17.42 34.31 25.96 -6.93 31.58 -5.39 -4.94 26.46 31.07 0.25 -1.92 0.79 11.14 20.57 34.82 29.25 -9.15 5.31 11.56 0.19 -9.77 15.44 11.55 -2.70 26.74 -0.66 14.13 4.07 21.60 9.98 -3.65 4.69 18.06 19.49 33.79 -7.43 5.67 26.07 13.41 15.84 -7.66 21.44 25.98 25.28 5.04 -9.00 27.21 1.18 30.48 6.39 26.17 19.98 0.93 -4.82 -0.02 -7.83 2.16 20.36 13.41 -8.96 -9.60 18.62 1.43 -1.20 16.54 14.13 -8.43 31.80 22.08 1.11 12.38 12.29 -4.58 12.50 29.55 8.72 -1.93 10.84 16.54 5.23 21.30 28.07 15.65 30.90 -7.76 -0.85 34.70 2.86 12.06 3.22 12.76 26.32 31.48 11.11 33.19 19.00 3.80 19.97 14.49 
6.26 18.94 8.24 6.21 32.07 11.32 31.32 11.77 33.19 11.37 -3.37 21.95 29.13 28.89 5.50 28.23 -7.03 14.26 18.98 -2.57 12.41 3.95 19.08 -8 12.55 -5.91 -0.22 -0.85 15.78 -8.47 5.36 25.88 18.64 -7.23 16.45 -1.71 -5.75 -1.66 -5.03 6.21 -0.23 -1.55 -1.16 -5.79 10.42 13.44 -4 -4.30 4.42 -0.53 0.52 18.90 -2.48 26.26 0.16 -9.06 16.69 21.77 23.02 3.29 -6.71 17.54 6.61 -2.47 30.27 10.39 3.00 18.33 4.56 23.80 -6.44 21.09 33.66 -4.16 4.51 26.54 18.73 19.30 +3 2.44 16.34 17.29 13.15 14.78 -4.44 18.80 10.99 -0.77 9.00 8.38 26.84 -9.44 -1.78 26.70 23.57 31.62 34.10 +8 -5.16 27.72 
32.52 18.76 25.37 13.20 24.39 9.72 18.21 -6.28 -4.82 -7.98 -4.77 22.19 11.10 34.98 -9.46 -6.03 18.59 16.11 24.02 31.04 14.10 -0.91 31.00 26.86 -9.15 25.69 10.62 33.39 5.42 -0.76 -8.63 4.87 -2.08 11.72 11.56 -4.40 18.66 26.38 13.66 2.50 -3.26 21.68 -1.10 19.37 0.70 -2.38 32.62 -0.82 32.61 -8.97 19.20 7.64 32.46 34.06 -3.56 -1.10 -2.87 0.37 -8.98 -2.40 15.26 25.68 20.23 -7.58 4.54 -8.36 34.86 4.71 22.06 -0.23 0.43 -2.58 31.45 -4.81 13.23 18.72 -0.16 -5.09 12.20 1.62 28.39 4.45 9.17 10.84 21.37 1.18 -1.61 4.28 4.47 15.25 26.92 14.01 33.91 33.38 22.71 17.88 30.63 34.57 25.88 16.17 
-3.67 2.63 -6.70 -8.18 -2.01 5.26 1.04 13.11 30.72 24.48 -3.04 18.92 11.19 -7.41 4.35 12.36 12.64 32.35 33.48 22.88 22.22 16.84 25.71 1.25 19.56 3.41 29.00 -8.37 -0.88 12.78 7.40 7.20 25.79 -1.93 4.73 34.70 10.31 29.11 0.41 11.44 27.83 24.87 16.44 33.78 23.63 2.54 0.25 22.31 6.81 34.89 35.00 19.95 -6.46 12.84 28.04 2.41 6.54 25.03 17.28 -4.95 8.59 24.22 20.84 -9.25 27.44 1.68 24.29 -3.10 20.61 10.20 -6.54 30.22 29.60 4.37 13.22 -6.75 12.76 10.19 29.84 16.32 28.04 17.49 31.03 11.04 -3 9.18 -0.35 33.68 2.18 19.11 -7.80 28.65 -4 31.89 -7.77 20.72 -9.90 24.15 -1.20 5.89 
7.93 9.70 11.85 11.59 21.38 -8.09 -5.50 34.27 3.14 10.87 -9.14 5.00 22.13 26.21 11.56 0.71 -1.78 31.09 16.14 22.79 25.45 34.72 16.82 14.23 22.22 23.01 32.35 33.88 29.02 -7.89 20.91 30.21 15.15 2.39 18.21 29.23 0.23 23.59 -7.95 22.23 13.56 24.65 22.93 -6.25 5.03 16.40 -0.68 4.40 26.74 12.22 34.12 22.06 29.53 12.41 23.59 -0.23 22.44 11.15 -0.66 16.63 5.74 -5.50 2.46 34.94 13.13 23.17 8.37 5.02 18.43 -9.63 19.00 17.82 3.03 -5.77 27.11 -4.07 0.42 22.40 18.71 2.67 23.33 -6.24 21.94 -3.79 29.65 26.30 -4.13 6.32 -8.14 29.22 2.98 29.19 25.22 8.68 6.17 -0.19 15.36 -9.58 29.69 -9.97 
8.97 -9.14 5.24 10.82 -10 -7.70 10.96 19.48 -9.47 -7.62 3.77 7.81 15.28 30.63 10.55 34.97 16.09 20.60 5.84 8.11 -7.45 32.24 6.22 33.19 25.21 20.42 -2.69 5.56 -9.83 7.64 6.73 -1.13 18.37 32.01 28.08 25.96 29.20 25.33 29.03 34.91 12.87 32.29 10.23 10.97 -3.10 14.77 32.60 24.66 -6.91 5.59 12.53 33.75 -9.01 3.27 -9.49 -6.20 -2.19 29.26 0.68 -9.34 1.81 14.84 21.14 0.24 8.43 21.50 1.59 0.40 22.45 24.11 18.04 -7.27 9.11 -6.64 4.19 28.06 21.74 17.18 -2.21 5.78 11.55 28.45 -5.50 15.75 -3.90 32.41 16.55 9.67 17.84 -7.87 21.24 26.45 19.95 -0.00 28.86 20.60 22.15 0.30 +6 7.85 
15.63 4.20 31.68 21.19 11.53 26.45 22.57 9.12 18.04 -3.45 -9.22 25.66 27.02 -5.39 22.64 16.28 -6.89 12.49 30.99 11.03 24.53 2.56 14.10 1.96 7.76 +7 -7.55 13.57 -1.88 13.61 5.81 -7.45 6.46 12.11 22.61 11.71 9.55 5.78 32.76 23.98 -1.40 24.56 6.59 25.00 4.21 17.88 -2.77 21.93 -1.71 -2.46 20.51 10.00 31.48 -6.25 +2 25.40 -7.97 16.88 13.48 3.37 8.68 34.72 13.59 18.90 -7.31 10.22 24.67 -9.10 17.95 32.59 27.37 28.98 17.48 11.11 -4.97 32.69 23.02 10.52 5.17 25.22 34.00 14.88 10.87 22.53 10.36 14.11 31.51 -8.92 -4.60 6.07 2.34 -9.70 27.04 6.21 -0.78 24.51 19.64 -2.45 8.70 -5.28 
11.99 31.58 29.66 10.45 4.72 26.16 28.97 25.53 11.35 27.42 30.19 -2.00 8.96 19.40 18.01 14.87 4.30 -9.74 2.99 25.64 31.03 20.17 3.57 2.87 -0.36 12.15 21.78 22.87 -4.89 8.22 9.06 4.28 -0.54 -7.92 28.88 -4.45 2.32 27.64 2.88 6.38 34.47 27.24 -8.71 31.01 11.27 12.69 2.75 24.30 10.66 19.83 -2.90 30.53 25.79 30.53 21.71 -0.75 16.45 0.03 7.66 -9.71 14.52 23.18 3.52 33.51 27.96 7.73 13.58 32.74 31.80 25.12 33.48 27.91 6.60 20.19 21.26 19.26 20.35 24.43 32.85 32.26 -1.62 31.05 9.41 30.78 30.24 21.15 -3.56 4.81 30.85 23.22 -0.31 21.17 21.75 6.67 9.22 18.76 -3.19 -5.50 9.39 26.69 
0.76 +2 29.31 14.53 27.76 -8.91 31.80 -8.47 13.95 -6.13 15.34 25.70 -6.25 31.31 24.14 5.05 5.13 19.57 32.80 16.27 1.58 13.96 9.95 1.75 4.58 9.24 -1.50 22.11 5.09 -1.90 28.99 -8.97 12.07 3.19 32.35 11.83 14.05 27.22 -5.55 28.78 13.86 19.04 10.86 6.19 20.09 21.86 -3.76 12.03 28.98 -7.28 31.31 33.18 21.89 28.02 11.05 26.30 22.99 -1.15 7.53 -2.03 8.37 29.05 -7.57 22.34 25.17 9.82 9.07 27.52 -3.91 -6.21 32.80 3.24 0.25 29.59 31.27 14.58 30.84 -1.71 16.19 31.56 34.44 23.57 -0.75 10.12 21.97 2.92 19.55 20.88 34.17 34.18 31.26 27.24 -9.08 14.05 31.14 13.82 29.93 4.34 29.85 15.97 
9.02 30.68 32.34 -8.92 19.31 34.20 25.07 25.66 14.80 24.34 18.38 10.16 -5.86 26.63 -0.43 29.09 5.36 -7.24 11.51 24.02 -5.27 22.64 -9.31 -9.46 11.26 2.11 -4.00 1.61 6.50 12.61 20.53 7.45 1.63 7.49 9.51 12.04 15.86 13.79 29.32 12.23 2.25 10.89 21.58 -4.26 21.52 29.27 2.15 -5.82 15.23 -4.80 2.87 -6 7.16 18.86 -8.47 26.26 30.31 0.32 23.64 20.03 3.11 19.69 21.48 -9.17 +3 5.76 0.06 34.06 9.85 +4 3.46 9.05 -6.21 26.75 31.35 29.84 0.15 24.97 -0.71 10.99 -0.63 -5.51 3.35 20.29 25.40 33.05 -9.41 22.40 -5.26 14.98 -9.25 27.56 15.48 17.96 -6.42 3.88 4.42 22.27 6.47 33.72 
20.42 -3.19 11.80 8.82 26.22 30.99 2.59 0.28 25.20 7.10 30.65 7.74 17.44 23.89 21.69 9.01 17.05 29.63 5.20 23.42 -4.04 14.90 4.50 13.69 22.19 13.21 26.36 -7.55 27.93 11.85 10.62 28.26 3.29 31.79 6.87 34.47 -7.54 15.64 17.47 24.85 24.76 14.68 +1 18.56 -0.47 21.61 -9.39 -9.09 11.77 19.94 -6.30 5.31 32.01 -7.28 -3 12.35 6.98 10.37 -9.05 32.25 -1.25 -4.33 27.59 -9.23 15.22 20.37 19.96 20.12 16.10 32.64 29.77 6.03 17.19 2.39 2.52 +5 8.25 22.63 9.27 2.95 -8.96 19.14 8.68 6.28 4.67 19.67 6.62 3.13 14.39 -1.04 -1.86 20.84 4.54 23.66 27.18 30.39 -3.28 3.89 18.09 14.50 
7.03 20.80 18.24 1.66 0.07 -0.96 28.65 16.44 20.94 11.65 32.34 23.78 10.20 14.73 30.79 22.57 +3 25.90 5.08 15.16 19.62 -5.61 12.78 3.65 34.76 17.51 33.35 31.73 24.54 9.11 22.35 34.78 -4.45 -6.24 17.23 22.86 -1.93 3.73 -2.90 25.77 14.68 9.22 19.73 27.86 4.28 29.19 9.53 33.47 2.68 23.20 30.49 3.28 29.81 30.32 24.15 25.79 17.14 31.57 14.49 22.91 28.22 26.62 -0.98 20.84 8.78 19.13 -3 11.46 11.48 23.79 20.84 1.42 12.51 33.02 -2.96 -3.92 -0.41 24.05 29.56 13.97 8.94 16.19 21.90 -2.22 8.50 13.18 0.45 11.78 19.51 12.76 18.12 18.47 21.04 10.67 -5.92 -9.90 6.00 20.10 32.82 1.40 
33.29 18.25 -2.73 0.77 27.57 6.09 7.26 12.13 21.41 4.75 16.32 -8.93 4.46 16.77 19.86 29.96 27.93 5.61 -0.11 -6.83 4.19 18.74 -4.44 -0.59 -8.60 -0.70 32.06 13.43 8.94 33.78 25.24 6.24 4.97 +2 14.49 3.39 30.66 -6.89 10.92 -2.29 27.33 26.28 22.49 34.67 11.09 7.56 -9.50 -6.60 -2.54 12.76 22.30 16.26 7.74 -1.27 -6.65 6.70 3.09 -3.39 -0.26 30.66 -2.32 18.21 16.60 7.94 17.63 20.27 23.22 -9.37 22.32 21.71 -4.49 10.55 -5.04 -4.49 17.65 8.46 -5.18 24.20 17.12 12.99 30.74 11.93 29.50 9.50 13.55 10.94 5.27 2.78 11.65 -4.36 5.96 6.78 7.95 24.99 31.83 30.22 28.34 5.88 5.97 20.61 
12.39 11.37 0.47 2.07 14.56 2.01 -8.43 10.47 14.69 -7.98 12.32 22.77 6.44 -1.75 16.08 24.67 29.63 30.06 -1.80 11.55 18.80 3.54 -4.76 32.63 22.16 -4.42 29.66 13.08 15.65 -9 12.05 15.17 -6.79 7.09 31.54 25.95 0.54 -5.01 21.35 30.59 34.18 15.83 13.46 -1.38 -8.54 18.30 28.76 -4.06 29.61 1.22 14.25 6.05 22.83 27.59 22.17 30.11 -7.28 5.20 -5.30 0.79 18.89 18.76 6.56 -0.63 28.43 1.88 17.94 -4.08 8.37 -5.41 -8.05 20.23 -1.01 6.17 18.03 30.41 29.06 4.94 31.69 25.64 -0.69 33.13 28.60 15.99 23.32 0.41 11.60 -9.36 -0.56 3.40 33.20 8.57 12.24 -7.37 29.95 6.70 33.68 25.76 24.82 14.64 
0.10 -4.55 6.45 18.65 33.34 20.02 -2.39 -0.97 3.17 26.89 13.92 7.31 32.48 9.48 16.82 23.87 32.91 9.90 28.93 23.02 2.15 17.13 14.83 -2.16 9.26 28.10 13.66 31.30 28.95 33.50 -9.59 18.43 -0.18 -5.77 19.80 19.74 18.54 29.57 -5.19 1.84 28.51 7.79 26.30 -4.95 32.27 27.47 -8.77 -1.26 30.77 -0.44 19.10 25.72 17.21 23.14 28.78 15.40 21.77 -8.37 15.91 20.27 -0.49 31.45 7.85 4.24 18.01 7.88 -0.99 33.51 21.84 -7.42 17.04 7.93 -0.10 33.77 5.64 34.56 17.65 14.70 28.42 32.93 28.61 -7.92 -4.18 12.37 10.69 -9.20 12.76 3.15 -0.43 -9.47 15.84 -7.11 +4 -5.42 17.00 28.49 13.91 -4 -3.03 20.97 
7.24 3.76 4.73 17.06 -4.98 -9.21 25.53 -9.24 23.30 22.75 -6.58 -8.36 19.54 8.12 34.53 13.40 0.18 19.61 2.06 -2.83 -9.38 34.04 0.90 9.23 -7.37 8.18 25.97 -4.36 34.34 21.30 20.50 -9.05 3.39 5.11 15.74 15.71 -2.00 25.15 -4.51 9.61 4.41 31.62 7.56 33.21 8.61 34.28 -1.38 11.47 17.67 26.44 14.29 14.73 15.43 4.53 30.94 23.48 5.81 -3.84 1.77 13.12 27.23 19.86 27.08 -3.10 0.59 7.54 1.13 20.46 16.71 3.69 31.10 9.45 19.10 24.69 17.91 -7.24 7.29 8.27 2.86 28.01 18.92 -2.88 -0.11 -1.34 22.24 13.79 4.31 -4.30 12.72 -4.74 25.16 20.06 3.11 7.58 32.82 0.81 15.13 14.11 33.08 10.32 
15.94 13.68 6.51 13.90 24.13 7.27 17.70 -6.66 7.23 6.80 22.98 -9.29 -1.23 20.42 26.87 1.50 24.72 -0.41 20.55 -9.56 2.77 14.31 15.38 27.39 23.78 15.55 27.83 26.32 25.20 -4.54 19.81 26.35 21.54 4.61 -4.47 27.02 15.54 26.07 9.06 -2.62 5.51 34.49 3.60 -8.00 -7.49 19.41 14.36 12.97 -0.83 34.38 23.09 +10 32.09 33.92 -1.83 18.49 -5.68 15.48 -6.76 2.03 24.74 34.99 32.90 23.18 -3.58 30.68 21.30 8.14 -7.98 11.35 13.36 24.74 3.43 31.65 16.04 17.18 24.72 -4.96 12.10 1.36 5.36 22.56 34.56 32.24 34.76 17.79 6.08 11.38 -4.61 15.06 -3.80 4.05 33.03 1.69 -9.86 26.59 21.83 2.27 32.66 14.49 
33.00 4.63 9.72 6.86 11.62 13.15 5.50 1.92 31.05 17.49 3.63 -7.00 33.99 2.06 7.39 21.93 10.80 28.27 18.47 19.61 +3 18.56 29.49 22.00 0.22 -3.30 17.49 24.06 20.71 11.57 4.59 19.99 2.68 33.07 34.57 1.43 4.55 34.23 32.84 21.82 4.56 16.43 -6.71 -7.58 1.49 17.50 12.75 10.09 7.40 -6.53 -1.70 22.48 31.12 5.37 4.23 10.77 5.14 7.98 23.71 9.05 29.83 2.41 32.74 28.89 21.36 6.80 9.70 26.32 32.20 34.70 26.40 20.38 22.45 -2.97 28.08 22.04 22.15 -6.26 -4.47 34.82 26.44 -4.21 26.74 -6.64 19.70 16.46 13.38 11.75 2.45 6.72 24.31 15.55 16.13 16.29 20.66 -4.21 28.49 29.18 28.68 17.47 
11.43 28.32 15.00 -1.66 28.38 16.22 22.71 6.20 -5.95 18.87 27.07 3.41 -8.37 17.20 23.92 -3.47 20.94 31.86 19.53 7.78 23.47 30.08 1.79 14.62 30.24 16.24 32.68 21.16 26.89 -3.36 2.51 -0.87 14.59 22.04 +5 28.51 18.82 4.49 -9.19 6.67 -1.13 4.82 18.22 22.82 3.31 28.54 22.86 21.79 2.97 8.93 27.46 -9.00 7.65 -8.39 20.80 28.28 25.04 -0.39 33.28 1.67 -7.75 13.83 7.76 18.42 2.42 13.35 -9.17 +4 13.44 5.55 32.85 24.23 19.21 -10 23.15 6.53 31.65 26.16 18.62 26.40 -8.50 -3.32 16.35 -6 3.28 8.13 4.59 25.03 9.69 33.50 16.19 10.11 29.83 -2.31 32.39 -2.58 21.02 13.95 19.15 1.90 
16.50 22.88 7.08 30.09 33.22 -9.04 -3.15 3.09 0.13 -0.21 34.72 11.71 31.67 27.99 -2.54 0.45 13.57 34.34 4.76 24.81 32.97 13.43 0.22 23.28 5.44 21.63 28.00 5.60 10.48 29.43 26.28 6.17 2.35 29.06 6.99 13.77 22.77 22.97 23.55 25.27 15.93 7.06 11.19 32.35 33.79 4.65 7.36 23.89 11.00 31.96 -8.25 -8.32 13.66 -5.12 26.22 -2.60 22.61 29.58 -1.51 0.32 31.39 32.24 -6.25 33.11 16.24 17.96 34.53 23.14 -6.18 3.52 -2.48 27.77 21.46 9.81 14.42 -6.90 -8.44 14.77 19.81 2.33 2.73 30.84 19.00 18.97 26.85 25.67 -5.65 19.91 21.62 31.70 -5.94 28.23 27.40 13.07 9.98 9.10 6.92 34.12 -0.44 16.87 
+1 5.23 22.29 -8.13 -1.58 -3.33 6.24 -5.85 31.04 34.78 16.71 -3.26 -3.97 -8 -5.08 31.43 -1.31 3.57 34.92 32.47 9.29 1.19 -0.67 22.21 1.08 -4.13 32.03 31.39 -6.16 33.54 24.87 -3.66 1.03 -7.99 -7.41 32.42 8.72 14.13 3.01 30.48 -7.65 7.42 8.18 19.30 14.06 -2.33 8.44 -6.98 -6.46 -8.11 14.94 9.35 14.62 17.50 8.86 24.66 -5.06 -3.96 -1.05 0.14 14.09 9.47 10.18 32.39 9.91 29.29 24.02 29.95 9.98 -7.58 -4.43 15.39 5.19 2.15 17.78 13.90 -0.23 32.10 31.53 8.73 19.97 5.62 29.62 -7.83 -3.15 -9.38 22.38 -6.17 18.49 1.80 27.65 -8.35 14.24 6.55 23.50 12.65 -6.80 22.52 10.10 27.23 
-2.30 26.75 17.42 -7.12 -6.22 6.00 12.40 23.94 20.26 31.39 29.14 16.70 29.58 20.65 -9.82 20.36 -0.06 17.89 -7.89 30.99 6.82 29.68 1.84 12.19 20.69 7.29 27.06 9.38 -0.15 32.23 34.24 20.24 13.94 10.43 15.87 -4.45 25.60 -7.86 34.57 -7.83 2.66 -1.60 6.39 13.09 -7.95 19.66 7.27 31.69 6.11 1.19 6.79 3.97 32.92 2.71 22.99 -7.51 7.43 8.45 4.05 3.11 -2.93 30.97 25.85 21.40 3.73 -9.93 11.07 29.16 15.28 16.84 3.95 17.33 -0.89 -1.84 16.73 21.86 27.37 4.98 6.02 16.01 1.21 7.21 32.90 -0.96 19.44 30.32 11.65 19.13 34.32 16.27 15.40 -3.78 14.90 13.29 23.39 18.24 -9.24 19.00 -7.91 -5.68 
28.16 2.81 1.20 4.26 11.01 10.36 1.42 9.10 33.56 11.45 6.87 17.72 9.52 12.01 16.33 13.88 22.25 31.48 -4.28 20.51 20.27 -2.65 19.40 29.65 10.86 -2.91 6.63 5.57 29.47 28.58 29.29 10.53 22.73 -1.23 17.65 -5.89 -0.64 20.22 33.57 18.31 31.00 32.37 -4.40 8.24 -3.55 34.09 7.51 23.24 8.64 3.54 -2.55 27.15 1.45 -9.59 12.29 16.02 4.34 3.16 16.48 23.95 23.32 24.78 -7.77 4.53 32.03 -5.29 29.10 12.65 34.92 -7.82 -4.69 1.65 11.40 23.37 -1.24 3.63 5.95 -0.23 5.42 13.11 28.05 -8.15 34.20 18.55 4.57 3.77 -3.48 -5.77 19.27 31.14 16.99 14.12 5.25 6.76 5.17 23.15 16.40 10.89 5.74 3.46 
27.97 27.45 -7.48 -2.96 -2.23 8.50 17.88 -8 19.92 9.85 3.47 -4 18.20 13.18 12.08 -6.21 22.68 32.82 16.60 33.10 19.83 21.74 31.92 -4.93 12.45 32.80 6.81 24.08 20.06 25.68 18.53 8.52 0.90 12.29 26.64 9.83 2.51 19.79 13.50 1.06 1.78 13.86 -1.40 20.60 32.50 -2.26 18.15 11.36 -0.21 -7.27 7.32 4.15 17.35 27.90 23.45 34.42 0.48 17.77 8.10 11.35 12.70 29.50 30.00 1.37 31.08 2.39 30.06 -3.28 31.97 20.85 25.40 8.40 28.58 21.88 -6.91 13.74 -4.46 13.53 21.11 17.68 29.89 10.09 -3.13 32.93 29.09 20.53 1.81 11.67 16.43 6.47 22.39 7.33 21.82 -2.54 11.95 14.75 13.33 6.33 5.26 6.43 
22.61 -9.16 -6.43 14.48 20.93 18.49 8.61 6.37 27.08 34.03 -1.30 9.17 30.02 -3.53 31.28 32.04 28.55 31.93 33.34 9.74 24.46 27.76 4.33 -1.28 21.79 19.05 29.01 2.74 27.46 3.30 29.63 17.44 34.62 7.16 29.16 5.32 -0.45 32.39 14.97 -9.73 16.56 22.15 -3.29 10.64 8.81 12.52 30.86 29.20 -9 34.61 22.72 28.19 30.81 17.20 15.15 -7.23 33.77 25.17 13.40 3.16 4.35 11.93 17.73 4.64 14.82 -0.94 17.84 3.98 -2.62 32.36 23.90 -4 28.23 2.39 -5.66 32.05 9.85 -9.21 9.61 7.04 +3 11.98 6.74 29.83 -5.79 -3.61 34.64 16.24 25.47 2.51 15.99 -2.82 13.57 15.12 -4.68 6.46 12.79 30.47 -8.16 30.96 
34.27 3.58 12.00 -7.00 13.71 30.58 4.77 18.94 -0.81 20.87 -9.65 -3.00 20.94 12.28 -1.46 30.96 -8 20.94 6.46 8.68 27.14 -1.21 28.87 28.19 -7.59 4.53 9.32 33.05 30.37 14.36 4.71 1.29 -8.20 -3.19 0.34 -7.34 13.75 32.76 20.32 15.41 29.61 16.76 21.65 27.82 8.36 0.11 2.13 27.42 -4.48 -2.73 +7 32.15 28.28 23.89 17.38 11.18 5.35 3.05 26.91 10.04 -0.05 25.16 32.70 0.33 -9.85 -9.45 16.40 -8.45 8.10 13.67 -3.70 -4.94 34.30 21.56 24.21 34.81 20.15 -5.93 20.52 10.65 26.92 17.39 23.41 -4.62 24.76 -8.93 1.62 21.06 33.57 17.39 24.55 -9.60 34.45 7.16 19.67 18.46 -8.25 32.85 12.26 -6.87 
-6.19 9.83 33.07 28.52 33.96 -9.95 -5.22 14.63 5.51 31.45 -3.86 18.59 14.74 1.16 -4.05 8.39 20.82 18.69 17.96 7.51 -4.95 -7.21 21.40 13.58 -1.13 -5.74 -2.14 34.84 34.85 24.59 -0.93 8.23 11.20 32.11 19.33 8.33 2.81 12.53 -9.95 3.63 -5.16 34.58 23.26 25.54 1.16 14.39 -0.10 -9.63 -5.90 -6.69 27.15 10.05 15.27 2.79 16.41 18.53 -4.05 32.40 22.48 29.87 15.98 -3.80 14.42 3.51 -7.80 7.88 10.25 9.14 20.53 12.87 -0.77 32.49 -6.26 2.05 27.83 24.58 -2.56 -3.28 31.99 -3.61 -5.22 13.88 18.98 6.82 29.45 22.23 6.05 6.47 12.97 -6.36 -1.55 19.95 5.56 0.84 26.46 -3.03 19.15 -4.50 21.87 22.92 
-3.49 25.23 28.33 20.12 -8.65 17.90 6.72 5.12 26.73 27.50 7.62 -6.17 18.97 -6.97 1.15 19.53 28.49 7.63 7.70 -6.16 5.96 28.32 18.06 2.32 21.28 32.00 6.05 -7.74 31.94 25.15 18.49 21.70 15.28 22.85 25.21 8.97 16.37 5.77 -1.01 12.15 0.03 14.66 23.80 30.09 30.09 -4.59 5.66 33.46 -7.21 1.59 -7.77 14.07 18.85 -4.19 28.54 29.75 9.12 11.44 20.09 21.13 33.58 20.38 4.19 33.90 -5.29 29.15 34.49 8.03 5.44 0.67 14.17 23.39 28.13 34.83 -0.15 10.41 11.94 19.95 16.52 25.79 32.64 0.14 -5.88 12.56 31.93 21.83 -1.82 12.57 14.26 10.32 3.91 24.98 18.83 0.77 8.19 9.94 15.12 28.13 -1.29 10.37 
28.95 16.89 23.63 21.69 6.89 2.92 -9.46 14.08 34.65 9.71 23.62 -2.73 14.95 30.20 -7.42 -6.80 4.09 3.27 10.63 5.83 -2.51 -7.80 -0.83 12.34 26.59 28.53 28.05 -2.65 30.57 28.80 33.91 -4.29 -1.54 25.80 -6.15 12.44 27.83 12.73 9.62 8.28 23.23 29.64 4.19 0.54 21.94 13.75 33.89 21.10 -0.48 16.36 -8.40 10.29 11.75 1.89 24.87 26.05 31.93 11.15 -4.88 -7.49 33.85 19.98 28.62 27.51 12.24 14.67 25.05 29.80 -6.34 15.59 19.61 15.98 -5.61 26.71 27.97 -6.16 10.34 +2 29.16 3.61 0.38 33.12 -8.96 16.62 17.34 -5.10 11.21 2.46 15.94 -8.55 22.68 2.00 6.72 -5.01 24.65 -3.37 11.26 -5.98 -3.04 9.37 
-8.00 -2.13 -7.02 -7.64 -3 25.38 33.69 12.31 10.76 5.10 17.14 13.65 -5.76 13.81 31.87 -3.31 -3.61 -9.39 4.47 6.10 -6.04 27.98 2.81 -9.36 34.13 2.20 30.74 31.12 32.42 30.05 12.28 14.90 11.93 14.93 10.83 +1 12.67 28.62 12.32 32.32 -4.86 5.77 33.87 9.63 -3.11 -5.94 -4.17 33.30 24.25 -2.17 4.52 25.83 0.76 4.44 17.78 -6.80 12.89 15.72 29.68 +1 -1.33 3.72 4.23 16.92 -6.30 -1.04 27.62 3.61 -4.09 14.24 29.27 15.70 1.17 -2.92 34.08 5.37 -9.73 20.94 8.43 2.82 -1.62 10.16 29.52 1.40 22.48 25.01 2.13 27.84 -9.78 8.49 9.14 17.02 31.79 31.85 2.72 -8.97 9.59 13.49 20.92 16.40 
-5.09 -1.94 23.52 24.55 -2.73 23.82 19.11 -0.25 12.81 -0.05 28.21 -8.91 11.04 -3.97 8.25 21.89 27.93 9.24 27.44 10.76 31.19 27.26 -3.66 -7.19 0.57 0.69 29.86 -8.85 -7 33.32 19.85 -4 34.69 -9.69 24.64 +5 33.92 3.91 2.99 -9.85 27.58 27.07 -5.77 11.63 3.39 26.13 29.97 24.45 29.93 32.86 3.64 -2.55 16.25 1.62 14.79 -0.78 16.30 27.34 22.51 34.34 12.66 23.46 4.43 18.45 2.34 -7.19 -1.87 11.79 -6.59 2.96 -4.30 25.18 16.52 -3.75 0.79 33.89 -1 -6.65 1.83 33.26 32.18 9.67 11.88 27.39 7.61 26.41 -7.51 15.38 19.85 17.68 -7.36 32.19 0.12 2.44 20.13 -2.20 14.55 -4.69 27.60 29.94 
26.15 -7.41 13.43 11.50 24.25 -7.24 27.11 20.77 -2.12 13.37 13.16 25.58 31.60 33.84 9.06 -9.99 14.01 0.16 12.84 -3.34 15.80 22.03 20.81 -4.55 -4.32 11.48 4.88 -6.05 19.01 18.67 4.88 25.22 21.57 1.52 32.30 -9.57 27.05 31.63 14.55 21.91 5.61 16.93 3.92 15.38 22.17 10.71 6.91 34.82 30.40 33.80 17.86 10.73 20.93 20.94 30.27 25.75 7.38 -6.39 28.89 8.49 1.10 1.18 -1 6.16 2.07 32.53 8.81 1.35 19.89 -4 26.19 6.35 -7.59 -5.25 5.08 15.88 7.36 20.57 17.60 26.34 11.53 10.30 17.15 33.18 1.62 17.97 -5.77 16.92 12.95 11.40 19.04 -3.63 16.03 0.64 21.07 -4.91 8.14 3.56 34.39 30.00 
15.68 5.66 2.13 -2.34 -0.88 -1.55 7.49 3.68 6.49 -5.34 9.76 32.12 33.69 25.18 25.67 23.71 4.39 17.57 13.66 15.41 -2.08 28.76 11.14 -2.19 28.60 13.99 10.01 13.73 29.28 0.83 15.01 20.49 20.54 -7.05 34.60 9.01 12.95 23.51 -0.48 14.40 13.25 11.95 34.13 8.32 34.04 -6.26 29.19 18.04 26.95 21.79 17.17 16.95 22.42 4.08 22.75 29.67 -8.78 -1.26 29.71 18.60 33.43 -4.65 25.96 3.99 -6.25 29.60 -8.30 6.29 -8.94 8.66 14.12 -9.67 22.64 15.43 6.32 20.27 1.67 29.02 15.96 0.03 28.89 -8.68 23.51 2.17 26.41 5.00 19.75 -3.12 19.60 -5 19.61 25.46 14.36 -4.52 20.77 -1.21 32.01 -1.45 19.17 11.48 
32.59 28.21 -6.52 -4.97 26.49 16.54 0.26 6.73 8.65 8.18 9.17 3.16 -4.39 21.49 26.31 27.83 -1.46 26.73 34.57 30.93 -3.86 -5.63 28.86 -6.24 9.40 -6.86 1.87 29.50 5.59 34.91 -4.56 2.48 28.61 3.66 -2.72 2.37 13.37 14.41 18.57 5.12 32.34 17.82 32.66 -1.50 5.78 -2.58 29.53 -4.72 -2.78 30.75 32.36 -4.80 12.52 6.96 14.71 22.71 -0.92 5.68 19.80 -1.63 13.51 20.51 32.09 3.96 -3.30 20.41 29.72 23.68 21.69 3.10 6.72 -8.88 -5.29 15.63 -4.97 17.21 -3.69 -1 17.71 15.81 3.63 7.76 31.05 -4.20 7.92 -2.09 3.75 25.58 20.10 -0.20 -5.12 34.86 1.76 6.97 11.03 -9.00 18.91 19.61 30.46 27.32 
30.64 2.35 23.08 3.86 16.59 6.02 21.08 2.30 14.89 5.59 11.03 25.36 -4.76 33.84 34.45 8.90 -9.26 24.20 -3.91 34.57 -8.26 -9.97 0.17 30.12 -3.64 33.49 18.32 +3 10.34 25.68 33.54 9.08 29.04 2.43 2.94 26.27 34.36 34.64 11.07 -9.95 14.51 12.16 -0.69 7.65 29.58 -2.12 8.29 26.23 8.33 -7.27 8.40 32.10 31.67 29.38 19.06 -5.31 33.66 32.15 -4.10 14.55 4.59 15.81 28.12 15.86 18.39 28.54 29.68 31.66 -9.37 22.91 3.71 11.20 25.10 1.27 -0.59 22.86 -6.27 1.35 23.11 -9.09 2.17 -5.53 -3.54 -9.37 2.47 28.90 11.84 16.13 -4.53 0.57 14.33 -2.59 -8.46 13.16 -5.10 19.72 -2.04 -3.45 -6.49 11.20 
8.90 15.64 4.99 32.49 -9.94 11.10 7.15 14.30 12.79 -5.05 -4.97 33.34 10.96 11.17 13.05 20.39 21.73 4.55 18.47 -8.19 19.13 29.20 32.91 0.21 28.19 25.78 10.39 3.28 1.18 -9.92 16.59 -0.36 5.95 3.24 13.37 13.16 -7.86 4.79 24.49 16.29 5.86 -0.51 -1.48 -8.18 18.47 18.45 11.49 14.31 -7.72 5.00 30.79 4.40 21.59 14.88 31.36 17.84 -0.83 8.00 13.14 5.44 8.96 -1.19 8.70 -1.86 3.43 -4.77 23.57 30.67 29.09 30.00 15.91 32.91 18.05 -7.78 16.40 23.19 -7.21 25.43 4.60 33.93 -4.03 34.96 -7.81 11.32 17.66 24.89 8.52 9.66 3.24 15.81 25.83 13.33 -8.60 1.15 20.06 27.48 30.82 2.06 24.04 13.42 
5.18 9.14 6.04 15.12 5.60 8.76 21.75 23.07 33.76 -3.88 3.04 5.72 -6 32.84 32.49 10.34 3.31 24.68 -8 4.21 4.16 13.88 33.25 30.40 5.20 0.10 27.99 33.18 24.37 22.90 22.86 16.05 23.59 31.04 31.55 14.79 4.68 -0.93 +2 17.43 -5.46 -6.73 30.84 26.34 13.43 -9.77 2.58 17.11 25.14 -9.09 11.07 22.14 25.74 17.02 3.69 23.14 10.82 16.47 14.63 7.18 31.71 15.59 -3.65 13.65 31.06 28.03 20.22 -5.01 13.76 9.55 16.04 34.45 -9.37 -8.01 9.59 28.24 9.81 -0.82 23.45 14.14 32.76 33.71 7.81 6.41 -3.25 30.92 25.07 18.90 -0.04 25.89 33.60 23.85 33.34 20.69 13.45 -4.24 17.38 6.65 3.65 -3.03 
25.99 18.08 10.18 34.12 -3.01 14.62 32.06 21.30 29.60 9.62 -3.02 11.28 -7.41 31.13 -6.44 4.38 33.47 -2.46 12.66 -5.32 -3.69 -4.19 3.68 15.97 -2.12 16.33 14.40 11.31 -6.57 18.92 10.05 23.66 13.52 10.68 -4.38 19.04 6.83 -4.73 23.96 8.66 -7.87 -5.90 2.44 -4.30 32.62 3.86 -6.66 +6 23.11 19.28 11.04 -2.10 -8.03 15.79 -7.40 -4.23 33.43 11.35 33.71 -1.02 6.68 2.52 9.08 32.94 -0.35 13.79 18.46 34.08 29.84 -0.81 31.61 29.97 30.39 2.96 3.86 13.33 12.39 30.77 28.65 7.96 -0.93 22.44 8.52 -3.66 29.42 -6.52 20.83 23.44 -8.12 5.95 14.88 1.43 14.39 -8.38 25.27 7.51 17.92 20.98 6.91 -3.33 
2.53 -9.26 20.24 -8.78 21.38 33.74 -8.97 15.19 7.89 -10.00 5.27 19.20 23.33 7.26 -8.20 13.62 -4.17 -9.77 31.88 -9.88 4.08 -0.89 6.97 6.85 -0.06 21.84 0.81 29.49 29.55 -6.47 9.73 14.11 5.21 4.97 11.50 21.83 26.84 19.17 31.96 33.98 21.40 -2.74 7.90 22.50 1.73 29.61 31.44 -3.88 1.05 18.75 10.96 -5.83 -5.19 13.93 12.34 0.12 -0.71 9.97 7.57 -4.10 17.63 29.84 34.26 -7.61 28.65 -8.45 -2.97 28.70 -1.06 20.67 3.25 24.10 22.02 33.22 5.23 29.77 -7.54 5.18 -3.18 31.73 31.74 11.17 21.89 10.46 0.54 30.13 -5.51 -1.20 24.13 20.36 25.07 -4.85 0.85 -3.15 14.73 23.46 21.18 3.50 2.27 7.27 
-0.61 4.62 15.50 5.81 4.43 18.47 5.89 16.17 14.50 8.25 32.71 11.05 26.66 9.72 7.48 16.95 29.09 -8.01 3.60 25.80 -4.54 31.02 -7.72 -9.57 27.84 -2.11 8.32 28.30 -0.32 29.95 32.26 -6.58 9.57 -7.59 -1.09 -4.02 2.14 31.66 19.74 -2.83 34.89 27.78 17.97 2.63 16.55 -2.20 19.57 20.90 32.78 -1.58 29.26 24.81 6.21 27.85 4.06 -0.45 10.15 13.66 21.47 22.32 27.55 23.61 20.17 6.52 32.00 8.94 8.91 24.88 -0.02 29.67 16.37 25.77 34.39 20.97 3.14 -9.11 4.51 11.42 21.32 32.17 3.50 5.64 12.16 28.37 26.72 14.50 10.12 26.54 7.57 3.07 7.40 2.66 23.27 12.12 32.27 -7.24 21.91 1.81 17.19 -1.28 
33.25 7.87 -9.39 17.82 -5.41 6.52 34.79 32.72 -0.14 32.52 -3.24 14.67 32.50 19.15 -3.22 15.37 28.85 -4.69 4.11 -4.12 -2.95 17.39 33.48 15.33 28.43 19.86 30.48 34.47 13.96 12.32 14.20 -8.01 13.71 32.16 21.74 17.49 20.17 -7.28 6.53 -5.13 20.00 14.32 22.61 5.75 24.84 34.91 34.96 8.65 10.84 10.21 26.87 -7.12 5.01 8.77 15.10 -1.07 16.36 19.33 13.66 6.55 34.67 -3.29 30.44 24.73 8.95 -6.54 1.51 27.99 9.81 26.96 26.07 26.31 -6.97 4.39 6.80 5.08 11.07 27.93 1.62 22.68 -8.20 25.26 10.14 16.91 -2.99 26.00 6.45 4.75 9.28 29.86 -8.30 6.43 14.67 -5.96 -6.54 -2.19 17.95 17.54 22.18 24.79 
9.39 26.30 13.61 34.06 -7.20 25.09 23.84 29.48 21.10 20.65 -5.19 16.35 -1.41 -6.71 -7.83 34.89 -0.86 -7.87 28.37 11.04 -7.17 34.85 -8.25 33.26 4.99 7.78 27.80 4.60 -8.43 28.94 4.17 -2.41 -3.37 8.00 4.74 0.60 -9.67 31.84 0.71 27.50 31.57 10.06 7.30 -1.94 +5 -7.09 29.87 2.66 21.20 21.06 12.60 30.75 1.06 7.43 -3.80 5.57 5.64 27.16 -4.32 -5.35 6.34 6.59 32.68 13.30 -2.60 26.13 3.30 27.50 25.94 3.68 -3.65 7.23 5.51 33.28 21.88 7.96 0.64 15.43 26.59 13.90 0.82 -2.27 34.05 11.82 34.70 13.11 18.20 -2.21 19.09 34.24 23.97 27.63 -5.40 -7.67 17.71 28.48 6.35 17.50 24.49 31.51 
33.37 19.08 4.59 -1.15 33.80 5.67 17.70 9.03 11.95 18.85 17.46 22.91 15.22 20.81 16.70 33.86 1.57 17.42 28.68 20.47 -7.74 22.21 29.45 25.65 16.18 8.65 26.91 31.10 -5.36 26.27 0.80 11.26 34.50 25.83 19.93 3.33 27.59 16.46 +4 34.70 -8.48 3.38 +4 -0.57 -0.97 -0.64 16.37 31.30 24.32 21.80 19.92 -7.22 -7.15 17.99 -6.19 29.30 7.08 13.76 29.71 -0.51 25.05 25.41 -2.94 21.67 17.48 -1.61 5.17 12.27 20.91 13.27 -8.18 -4.16 6.90 33.51 2.17 15.78 27.70 -3.25 30.14 31.00 29.68 2.19 34.06 13.62 24.33 2.13 12.17 1.11 27.62 -0.35 -7.82 33.53 23.95 9.23 11.36 2.50 4.25 30.63 29.65 29.06 
9.96 14.07 20.93 9.09 -5.53 4.26 22.16 18.00 -2.14 11.67 -9.44 -7.23 33.91 17.84 19.92 32.99 30.29 1.26 -1.89 4.59 19.13 32.36 24.74 10.82 15.77 24.16 1.06 24.30 34.74 18.72 -6.98 -0.50 15.67 20.65 11.74 31.50 0.21 3.09 32.65 -7 32.66 29.98 8.70 21.63 1.75 23.49 -9.10 -9.42 15.03 -5.65 0.85 0.47 7.26 -6.25 2.75 21.24 16.68 19.78 2.44 21.57 11.70 -4.86 17.02 29.08 10.85 -4.54 31.52 7.98 25.61 6.75 27.88 32.11 -7.29 20.62 -3.62 7.92 34.97 24.66 25.18 8.13 13.13 27.68 15.66 0.60 10.44 32.39 17.76 -6.98 30.90 19.53 2.55 27.20 3.56 15.31 -5.06 14.62 25.86 -1.20 14.14 -3 
-4 34.98 12.02 3.47 32.97 18.06 2.18 32.75 27.10 -1.82 22.00 -9.95 14.03 8.25 -6.46 -1.02 25.84 30.70 2.68 5.13 2.43 33.16 6.79 -2.35 -0.89 -7.50 21.76 13.57 27.65 0.70 7.88 5.64 18.48 23.93 29.15 34.43 32.03 25.64 12.57 22.39 -5.08 -9.71 1.67 5.24 28.81 31.37 33.37 4.58 -5.51 4.87 -3.43 16.70 21.64 -9.09 4.74 30.09 32.90 21.77 18.40 20.79 -7.28 -9.06 -9.26 -6.12 -9.48 5.74 -9.28 10.05 9.36 10.22 -8.56 0.29 4.97 -6.52 27.70 23.90 32.39 19.12 8.26 22.02 26.90 -6.13 23.34 -9 -5.96 5.20 6.76 10.10 9.52 33.87 18.76 -3.98 20.83 2.09 30.07 2.88 7.59 2.96 13.21 11.72 
26.09 4.20 -2.11 10.19 25.60 0.81 14.61 32.83 16.29 5.13 31.82 11.62 15.66 17.07 31.48 10.21 16.58 -8.82 -2.55 4.87 19.00 0.14 18.73 -9.43 7.93 16.78 28.69 -4.44 20.62 31.81 33.25 9.67 -4.56 18.55 5.14 4.71 33.68 13.10 -7.73 -5.63 34.32 25.14 34.76 25.88 27.58 3.19 -7.66 11.39 +3 -4.13 -6.67 20.94 27.96 25.73 20.10 21.47 -0.86 25.58 20.31 16.18 -5.85 20.06 34.65 25.80 -4.71 29.37 -4.02 9.87 28.41 28.72 0.65 22.22 14.45 31.15 -9.76 5.40 -9 28.01 21.08 16.13 8.94 23.63 25.81 31.48 22.78 31.82 25.09 5.63 18.26 -9.74 13.67 -9.97 -6.78 -3.38 18.46 25.72 19.45 -7.42 19.58 30.79 
32.76 -8.35 15.29 34.98 1.93 11.14 35.00 22.98 34.78 14.01 -7.70 17.87 11.48 22.86 -1.06 13.84 -5.88 6.73 -8.88 34.47 25.09 26.92 4.60 0.39 -4.49 21.16 9.17 8.80 -9.77 13.50 -3.37 10.42 8.76 2.99 32.82 -3.28 14.94 8.13 -9.01 21.33 26.52 27.53 -6.45 3.43 31.46 -6.75 32.02 -0.11 17.85 4.00 15.76 34.97 15.60 32.74 33.26 22.90 -1.86 29.86 11.99 31.55 11.26 6.85 27.96 -2.17 1.02 21.77 0.99 -0.53 -6.42 13.61 29.98 4.64 -0.82 20.23 9.39 16.46 10.26 10.32 28.04 11.53 16.88 27.75 21.86 29.01 27.28 -5.50 27.35 10.89 27.13 31.41 20.36 30.15 17.04 6.89 25.16 34.36 5.67 3.19 -5.14 17.08 
1.30 20.40 13.73 32.32 3.23 2.22 -6.37 30.31 30.63 4.22 -1.15 17.90 -3.53 7.41 9.61 12.65 3.13 -9.12 -8.07 33.59 15.09 -5.87 24.80 8.55 31.35 22.24 26.44 -1.03 34.91 7.33 32.57 16.51 4.40 29.37 10.57 10.10 21.74 -7.42 15.84 17.22 10.40 11.99 8.30 26.73 11.48 30.81 30.41 27.33 -8.63 -8.08 3.56 30.82 -9.78 20.37 34.87 3.82 17.39 4.35 2.16 -5.85 11.41 15.39 -7.28 -6.01 -8.37 20.73 30.89 0.87 6.41 18.48 34.26 12.07 -2.29 3.94 25.09 16.97 23.65 18.54 30.66 1.55 12.49 28.37 1.98 11.81 13.11 -0.52 -6.13 25.81 3.45 0.04 -2.23 6.95 9.33 0.01 27.68 27.66 34.99 -3.52 3.82 16.47 
24.85 22.99 30.20 -3.44 19.39 8.56 16.27 21.03 31.74 -4.46 27.26 15.98 -8.20 5.11 7.17 14.34 -0.52 32.55 2.73 19.41 1.66 22.69 30.81 7.22 2.83 29.89 16.29 26.62 -2.48 11.11 28.22 -5.05 6.07 9.92 4.20 23.51 26.99 1.85 31.81 28.18 15.58 34.13 17.29 31.08 10.49 30.95 25.18 -8.83 -9.85 32.22 13.79 29.30 11.53 -0.08 34.34 13.40 25.48 16.64 5.50 12.40 -9.01 -7.65 3.34 4.20 3.39 2.84 -6.26 3.45 27.23 14.08 26.18 2.09 -3.88 17.61 20.24 -4.23 26.71 17.81 18.01 -8.25 22.78 16.70 23.61 15.84 0.74 15.21 7.39 9.22 24.36 4.37 32.57 27.00 27.31 4.76 27.03 19.03 22.65 10.64 8.45 26.60 
3.34 -3.14 19.17 -0.15 31.84 32.70 -5 -3.83 0.91 6.88 4.50 33.59 16.05 7.19 31.46 -4.96 15.45 23.45 18.15 -5.91 29.97 27.56 18.84 26.74 -9.23 3.38 25.48 24.87 21.46 31.82 16.46 2.02 18.36 19.70 14.97 34.45 12.13 11.13 -5.43 16.30 19.68 17.74 13.81 13.44 -2.43 28.51 10.61 -7.50 2.40 +10 27.24 -4.36 22.92 13.20 -6.69 30.80 14.95 29.38 -6.36 -8.44 23.95 -0.11 25.58 4.09 29.28 4.96 29.61 12.24 29.92 1.38 27.24 6.73 -7.87 23.31 12.68 +10 -7.43 -3.06 1.46 25.59 19.09 -4.44 -0.42 -5.44 4.31 -1.83 22.18 -4.78 25.31 -4.50 16.46 18.63 31.85 17.79 -5.36 -9.34 -0.60 1.46 -2.58 -8.58 
34.57 18.63 10.54 10.72 23.63 24.61 -0.61 8.42 2.31 5.92 3.90 31.61 21.46 -10 6.23 -9.92 -4.20 32.88 31.46 15.87 8.14 29.32 5.80 -0.68 -4.15 11.62 0.97 14.35 3.50 -3.83 5.11 30.16 32.53 25.19 24.00 21.38 -3.60 15.84 13.34 7.19 33.96 0.58 30.80 28.70 13.21 33.01 -6.83 25.80 27.20 18.37 32.25 13.98 +9 8.41 23.18 0.41 -4.52 13.41 23.31 -6.47 11.37 10.29 -4.75 3.63 16.73 21.01 16.26 -9.78 17.74 25.26 2.03 1.36 29.17 -4.59 5.63 20.14 0.82 -2.29 0.29 22.70 29.75 6.51 29.07 7.58 27.85 2.12 -2.34 -8.77 -1.32 29.97 -0.80 30.26 -3.35 33.67 27.33 33.73 18.10 18.64 -2.72 18.85 
23.49 27.20 18.46 -6.64 16.40 24.36 -2.84 26.48 28.10 4.18 31.09 21.85 7.74 9.19 30.99 17.53 33.64 8.12 22.90 -8.76 18.69 32.39 15.14 -0.97 13.08 24.60 30.50 -2.57 30.05 16.29 34.71 18.40 24.94 31.44 +9 26.18 28.51 -7.44 17.52 30.07 11.32 -5.94 4.04 -3.39 13.10 4.24 21.03 24.43 1.65 17.06 -1.10 -5.30 23.83 10.19 4.43 0.07 33.83 21.16 14.68 30.30 11.90 15.71 27.91 5.93 3.66 10.46 -1.08 -0.03 5.17 -7.95 17.41 25.66 31.24 -8.68 28.94 0.61 18.39 2.98 -7.61 22.41 9.01 6.69 -6 23.87 13.84 -7.61 25.68 8.43 30.47 -6.92 -8.57 11.54 10.43 1.47 15.06 33.30 3.58 26.46 26.51 12.87 
34.78 27.59 1.27 2.99 13.53 27.94 27.83 34.49 27.56 12.76 33.21 2.95 4.31 -1.50 28.74 20.83 16.87 23.36 30.29 6.62 24.86 9.46 14.15 3.07 16.06 -4.82 -3.33 23.33 -0.82 18.01 -6.35 22.32 -4.04 34.67 -1.67 13.59 6.42 12.39 4.99 4.83 -5.84 19.05 26.77 -9.61 -10 1.63 17.10 33.40 33.05 -4.47 33.54 -9.63 -2.16 19.97 -0.94 23.16 34.24 29.63 24.59 0.18 10.56 28.77 -4.09 14.91 -3.09 -1.29 21.00 26.13 -8.15 -7.82 7.82 32.04 4.71 -3.01 34.93 32.83 33.69 -5.28 -7.22 30.42 13.97 26.42 23.34 20.95 -4.29 6.95 33.31 -5.77 11.62 4.98 21.98 28.36 7.06 16.92 -2.33 5.69 -1.17 24.99 -0.85 -2.81 
9.06 8.57 33.08 26.31 1.03 -4.15 21.83 -5.29 10.11 19.44 -8.00 -4.28 -1.92 15.01 17.99 -5.98 -4.92 -7.93 19.42 8.75 21.78 -8.27 -8.04 8.41 -2.04 1.12 -8 -2.13 5.15 -3.16 -7.18 31.11 32.82 20.37 -4.43 17.50 25.41 28.72 32.77 12.61 32.47 16.23 -1.67 16.07 -1.80 1.53 16.95 14.56 -0.78 16.74 31.03 6.62 8.03 16.69 12.01 29.10 23.98 6.96 9.16 18.30 -3.02 17.98 0.42 12.44 22.87 20.41 -8.30 26.74 -8.67 12.35 34.01 -7.26 27.45 24.67 -5.19 21.50 20.02 28.69 8.30 16.60 18.76 -8.06 4.98 17.38 -7.48 -1.99 -1.40 4.45 23.53 27.39 22.55 6.54 26.80 13.47 17.83 5.65 22.90 24.50 19.83 15.04 
